10518609
18679926
41153027
41909898
46373504
51239684
87929511
114247403
118031744
120982136
144315659
148173037
153415405
202067872
206143479
215287197
240100886
613224
10053132
19174399
69287731
120955830
172681217
173913831
201831675
217629014
218431700
226935196
4703574
27307413
30659911
46863202
59336501
63916737
71614803
87120233
101206270
142595549
173767931
38492733
89462842
106288462
127062954
16286619
32616943
44742255
50230850
52518072
56089292
58401110
81548703
90825226
111245685
122702462
131861498
132434957
158162591
169524065
173289358
13821345
20729217
22013705
26788677
27069259
30441484
43335119
81151006
82311651
122756943
130390812
149628021
151857747
28323414
91490114
93951735
97864490
101339160
130325021
139588773
143679835
23715456
29565535
36969104
76468340
76621502
81962748
102548135
106427796
117278729
124679347
128441354
21954882
109343629
109925300
118353307
128436255
9128119
22910084
38931967
63969896
80522384
80558594
115118481
123083981
123330421
793017
1855240
65358226
111247703
116273809
128966226
14305198
28066084
83533568
94551890
110310860
113592744
114320181
31764927
72704983
72855682
36206296
68049588
90958677
104283306
72923314
10611189
51156689
52360724
54978488
85642738
26235793
50564773
75386143
18881689
22757504
28231687
41142795
13019277
13815571
18394642
48975072
50874871
5896227
48379318
15496326
27410731
28183622
36900259
38869471
39234653
44661961
